233.48624904507255 693.7424969987993
280.6323802248172 725.1732511186291
343.49388846447664 762.8901560624248
415.7846229400851 800.6070610062205
217.77087198515767 627.7379133471568
271.2031539888683 649.7394412310376
340.35081305249366 687.4563461748334
409.49847211611916 718.8871002946631
205.19857033722576 542.8748772236165
261.77392775291935 561.7333296955144
334.0646622285277 596.3071592273271
409.49847211611916 624.5948379351738
205.19857033722576 454.86876568809316
261.77392775291935 486.29951980792293
337.2077376405107 511.44412310378675
418.9276983520681 536.5887263996506
484.9322820037106 759.7470806504418
544.6507148313871 715.7440248826802
591.7968460111318 681.1701953508674
488.0753574156935 684.3132707628504
547.7937902433702 640.3102149950887
594.9399214231147 612.022536287242
488.0753574156935 590.0210084033612
554.0799410673361 552.3041034595655
598.0829968350978 536.5887263996506
491.21843282767657 508.3010476918038
560.3660918913021 476.870293571974
607.5122230710466 454.86876568809316
412.64154752810214 470.58414274800805
478.64613117974466 445.43953945214423
532.0784131834552 426.58108698024637
340.35081305249366 448.5826148641272
409.49847211611916 426.58108698024637
450.35845247189775 401.43648368438267
277.48930481283423 429.72416239222935
349.7800392884426 404.57955909636564
400.06924588017023 385.7211066244678
